INSERT INTO Pedidos (idFactura, idProducto, cantidad)
VALUES
(1, 1, 2), (2, 2, 1), (3, 3, 3), (4, 4, 1), (5, 5, 2), 
(6, 6, 1), (7, 7, 4), (8, 8, 2), (9, 9, 3), (10, 10, 1),
(11, 11, 5), (12, 12, 2), (13, 13, 4), (14, 14, 3), (15, 15, 2),
(16, 16, 1), (17, 17, 3), (18, 18, 5), (19, 19, 4), (20, 20, 3),
(21, 21, 2), (22, 22, 1), (23, 23, 3), (24, 24, 4), (25, 25, 5),
(26, 26, 2), (27, 27, 3), (28, 28, 1), (29, 29, 4), (30, 30, 2),
(31, 31, 5), (32, 32, 3), (33, 33, 1), (34, 34, 4), (35, 35, 5),
(36, 36, 2), (37, 37, 3), (38, 38, 1), (39, 39, 4), (40, 40, 5),
(41, 41, 2), (42, 42, 3), (43, 43, 1), (44, 44, 4), (45, 45, 5),
(46, 46, 2), (47, 47, 3), (48, 48, 1), (49, 49, 4), (50, 50, 5),
(51, 51, 2), (52, 52, 3), (53, 53, 1), (54, 54, 4), (55, 55, 5),
(56, 56, 2), (57, 57, 3), (58, 58, 1), (59, 59, 4), (60, 60, 5),
(61, 61, 2), (62, 62, 3), (63, 63, 1), (64, 64, 4), (65, 65, 5),
(66, 66, 2), (67, 67, 3), (68, 68, 1), (69, 69, 4), (70, 70, 5),
(71, 71, 2), (72, 72, 3), (73, 73, 1), (74, 74, 4), (75, 75, 5),
(76, 76, 2), (77, 77, 3), (78, 78, 1), (79, 79, 4), (80, 80, 5),
(81, 81, 2), (82, 82, 3), (83, 83, 1), (84, 84, 4), (85, 85, 5),
(86, 86, 2), (87, 87, 3), (88, 88, 1), (89, 89, 4), (90, 90, 5),
(91, 91, 2), (92, 92, 3), (93, 93, 1), (94, 94, 4), (95, 95, 5),
(96, 96, 2), (97, 97, 3), (98, 98, 1), (99, 99, 4), (100, 100, 5);